1480.913396
1464.083921
840.223107
754.401216
727.241238
698.412049
708.40134
689.067491
713.584601
664.440367
638.575994
757.210224
633.823577
610.580294
645.84144
666.11907
622.696724
699.680571
706.404598
595.59231
579.595765
690.532308
666.282696
596.794655
596.250725
649.227886
625.721572
598.350779
666.564434
632.346754
583.584501
692.314603
693.844759
545.091041
693.933553
542.654799
589.072676
572.215279
616.491496
599.823693
554.584706
678.713812
579.21546
605.502022
587.846318
589.230439
583.127967
591.950653
657.202844
558.94872
518.719595
639.848146
537.935052
593.20968
605.946548
586.723274
620.74047
544.46055
